obsFrequencies = [ 960, 926, 1008, 979, 1035, 1016, 1046, 1020, 1052, 968, 998, 1017, 1028, 995, 1012, 990, 993, 959, 1014, 971, 1001, 968, 971, 997, 981, 1006, 1002, 1018, 997, 1051, 1009, 1060, 1001, 968, 990, 952, 938, 960, 1074, 1013, 1056, 1036, 989, 1015, 1032, 1019, 902, 984, 963, 965, 980; 1044, 1055, 997, 987, 1065, 985, 1046, 977, 989, 1001, 1044, 987, 1032, 1053, 1013, 1068, 1034, 1006, 963, 1015, 1005, 1055, 1028, 982, 970, 958, 957, 996, 941, 974, 975, 1033, 975, 997, 1025, 985, 1000, 964, 1022, 987, 971, 1013, 1025, 1009, 994, 1043, 990, 1030, 954, 1013, 960; 994, 976, 1007, 973, 985, 1027, 1016, 972, 1035, 1009, 1047, 942, 1049, 990, 1073, 1014, 981, 1028, 982, 1018, 1029, 1014, 1022, 1026, 1022, 1002, 1029, 1008, 963, 1024, 979, 993, 971, 1017, 934, 1064, 1036, 1004, 929, 1086, 996, 987, 1019, 1048, 999, 970, 981, 954, 970, 1038, 930; 1029, 1031, 998, 958, 982, 964, 996, 982, 999, 1052, 1009, 975, 958, 983, 999, 979, 1021, 961, 971, 988, 990, 1031, 1025, 1000, 1026, 978, 963, 987, 978, 1006, 1043, 991, 934, 1029, 994, 991, 947, 997, 1025, 946, 999, 1001, 978, 1004, 1001, 1005, 982, 997, 988, 981, 999; 980, 1025, 983, 1005, 1024, 996, 980, 1001, 1073, 1006, 1011, 955, 983, 1026, 987, 960, 973, 950, 1021, 973, 967, 1028, 989, 1018, 1046, 979, 1010, 1009, 1022, 1047, 1056, 1038, 1009, 1055, 975, 1015, 974, 1018, 968, 949, 1099, 994, 979, 1026, 996, 983, 1011, 984, 959, 964, 1033; 1024, 1022, 967, 1001, 958, 951, 968, 943, 934, 987, 997, 1021, 1043, 1012, 1041, 979, 1062, 1008, 1023, 1005, 998, 937, 968, 992, 1032, 1016, 976, 998, 1033, 1021, 1003, 956, 1004, 1012, 1008, 982, 1063, 964, 992, 1028, 983, 1065, 1015, 1002, 964, 1033, 958, 1059, 986, 992, 985; 1060, 1021, 989, 1016, 942, 1026, 1067, 1042, 944, 1043, 1019, 958, 1008, 983, 1011, 1036, 1027, 995, 976, 996, 983, 1057, 1021, 1016, 1022, 1026, 985, 993, 1015, 998, 1020, 1004, 1029, 992, 947, 984, 1054, 1048, 1069, 1042, 1040, 964, 977, 945, 1017, 1037, 1030, 1021, 988, 1047, 971; 980, 977, 979, 999, 999, 988, 947, 952, 996, 987, 999, 991, 1007, 1012, 1071, 957, 1002, 1025, 990, 974, 958, 1009, 989, 964, 989, 944, 952, 1012, 1020, 1027, 915, 984, 1046, 954, 1003, 942, 1017, 1051, 930, 1040, 974, 999, 996, 1041, 1001, 1025, 957, 964, 926, 976, 990; 944, 976, 1012, 1013, 1005, 992, 992, 969, 995, 977, 974, 977, 997, 951, 965, 1019, 967, 1004, 993, 1019, 1062, 986, 1018, 1081, 971, 939, 1004, 1000, 918, 992, 1028, 990, 973, 1040, 995, 987, 1006, 968, 1032, 939, 984, 968, 1013, 1050, 1020, 1029, 1036, 1006, 944, 993, 987; 1021, 983, 1028, 1011, 980, 993, 1012, 982, 1053, 982, 1013, 974, 1010, 1015, 932, 992, 954, 946, 984, 1004, 973, 971, 1031, 944, 1016, 968, 1000, 981, 1001, 982, 1053, 1019, 1058, 962, 1009, 985, 1029, 1022, 1043, 1035, 1013, 1045, 999, 1037, 1011, 1039, 1008, 1031, 994, 960, 963; 999, 987, 993, 942, 1044, 1032, 965, 1019, 1002, 963, 996, 1014, 979, 981, 956, 977, 1001, 1004, 1000, 985, 988, 969, 1063, 1014, 965, 1030, 964, 952, 985, 994, 1008, 1042, 1063, 979, 932, 1000, 1021, 954, 1018, 1022, 969, 1015, 1003, 936, 1004, 940, 931, 1003, 1041, 1012, 957; 998, 1026, 1007, 1011, 974, 968, 1019, 1042, 1002, 1016, 1010, 1063, 993, 1034, 1002, 1039, 994, 997, 971, 1003, 1000, 977, 1018, 977, 942, 1021, 996, 984, 1041, 974, 1016, 948, 950, 1022, 961, 1030, 1022, 1058, 973, 973, 973, 1040, 1000, 1046, 1002, 1017, 976, 1037, 965, 974, 992; 1014, 1013, 981, 1069, 938, 970, 1030, 947, 977, 1050, 989, 982, 1023, 963, 1013, 955, 996, 1014, 973, 1029, 974, 963, 991, 953, 1011, 991, 994, 960, 1015, 1011, 971, 973, 1036, 1060, 1021, 1034, 1011, 1014, 1006, 983, 1044, 1007, 972, 1067, 1025, 1048, 920, 964, 1026, 992, 950; 1022, 1007, 1058, 1015, 985, 945, 1023, 1010, 1020, 959, 974, 945, 1056, 978, 1052, 1067, 918, 978, 1005, 991, 994, 985, 1059, 1012, 1048, 986, 953, 942, 975, 1023, 1055, 985, 1016, 955, 1038, 1009, 1014, 974, 986, 1001, 1028, 999, 994, 996, 1007, 1010, 987, 1035, 1004, 1047, 1020; 953, 981, 1005, 937, 988, 1000, 997, 999, 1001, 1005, 996, 962, 999, 1014, 1003, 988, 971, 1015, 1014, 1005, 955, 1017, 1042, 970, 991, 996, 971, 961, 989, 997, 1044, 1010, 1007, 1005, 968, 1039, 1021, 971, 932, 1003, 1000, 1097, 1004, 1061, 981, 990, 1007, 944, 1014, 1029, 1022; 933, 1022, 978, 1013, 1035, 989, 1073, 1002, 1046, 995, 1013, 994, 1022, 980, 961, 1030, 1030, 976, 972, 990, 962, 1021, 943, 1006, 997, 966, 1008, 1021, 930, 1027, 1046, 983, 1021, 995, 1097, 955, 1037, 985, 1003, 951, 1040, 989, 990, 957, 1019, 1037, 1030, 984, 1009, 971, 994; 996, 1014, 973, 1046, 952, 974, 992, 1013, 1014, 1010, 1020, 965, 1017, 989, 980, 969, 1034, 1000, 938, 978, 987, 1040, 1024, 1001, 1002, 967, 1037, 951, 1028, 961, 1005, 1015, 981, 985, 998, 1032, 1005, 969, 951, 1008, 1000, 1003, 1006, 1062, 995, 1008, 1022, 961, 981, 1016, 995; 1045, 1016, 1012, 1010, 1043, 1064, 987, 1013, 984, 1000, 1044, 1003, 1033, 1003, 981, 1001, 1020, 982, 1033, 991, 943, 993, 968, 1002, 1041, 1064, 1021, 996, 987, 1026, 999, 1018, 967, 1006, 1057, 970, 1006, 960, 985, 1042, 1000, 1002, 936, 995, 998, 969, 1027, 987, 1018, 1013, 1006; 973, 980, 1022, 1010, 987, 1020, 1069, 1045, 991, 938, 983, 943, 994, 956, 1038, 967, 952, 972, 1000, 1018, 1017, 1005, 989, 996, 949, 956, 953, 1036, 1015, 993, 1009, 995, 974, 998, 1005, 949, 970, 971, 1044, 1004, 1018, 984, 1041, 980, 1019, 992, 959, 992, 984, 957, 999; 1003, 957, 986, 946, 1049, 981, 997, 939, 1020, 1030, 1020, 1056, 1028, 977, 998, 931, 1023, 1005, 1056, 1019, 950, 988, 1027, 973, 984, 939, 1090, 1006, 1033, 966, 1038, 998, 1000, 966, 1039, 954, 1033, 1020, 999, 931, 1031, 990, 953, 1068, 935, 995, 956, 980, 961, 1043, 1033; 1009, 1012, 1003, 1062, 1025, 998, 995, 996, 954, 968, 988, 973, 957, 1082, 976, 1057, 977, 994, 1056, 1037, 1027, 1041, 1046, 1007, 1016, 973, 1009, 1017, 1011, 1073, 1002, 922, 1017, 1013, 989, 998, 1012, 982, 1017, 1018, 999, 1050, 1024, 978, 960, 999, 1030, 1015, 1066, 1058, 974; 1012, 1002, 980, 1045, 1022, 1011, 999, 1027, 1009, 1076, 1002, 966, 958, 961, 996, 1058, 991, 985, 974, 1045, 963, 1077, 968, 957, 1052, 1010, 958, 1061, 995, 997, 1019, 954, 1043, 998, 1022, 1019, 990, 1051, 1025, 1068, 1003, 998, 976, 1001, 1068, 1032, 950, 1043, 992, 1024, 1012; 992, 1026, 1016, 1011, 984, 992, 1047, 1027, 1002, 987, 979, 984, 1006, 971, 1006, 1001, 1064, 1001, 969, 1001, 994, 1019, 967, 1038, 1001, 1022, 1034, 963, 997, 1019, 1002, 1002, 1044, 988, 1004, 1002, 977, 996, 1015, 1056, 1024, 982, 992, 995, 985, 1001, 1022, 991, 979, 1070, 1045; 1010, 993, 999, 1006, 980, 1039, 973, 970, 1016, 984, 996, 983, 970, 1039, 987, 1005, 1038, 962, 1011, 960, 1017, 1004, 1074, 1021, 980, 983, 947, 982, 1042, 999, 1010, 943, 972, 976, 986, 1030, 1044, 946, 1015, 1047, 1006, 963, 1026, 1012, 1002, 1002, 1004, 1045, 968, 994, 1055; 1024, 988, 1077, 1011, 995, 1038, 997, 957, 983, 1024, 984, 1001, 999, 987, 970, 949, 1004, 968, 1011, 987, 1000, 1020, 970, 1000, 1016, 977, 1035, 1010, 1028, 1025, 975, 972, 1007, 972, 955, 997, 960, 981, 969, 976, 989, 988, 1031, 913, 997, 1041, 999, 949, 955, 964, 950; 975, 964, 1022, 1002, 980, 917, 970, 1005, 1012, 1030, 1030, 1083, 987, 1060, 1063, 1009, 1041, 984, 988, 1027, 974, 1006, 953, 990, 984, 965, 1003, 1027, 1019, 946, 1039, 978, 1052, 1087, 1023, 960, 967, 1001, 986, 1057, 948, 974, 985, 1068, 1001, 981, 1003, 970, 1047, 996, 991; 1004, 1038, 965, 986, 990, 1009, 997, 1002, 1050, 996, 993, 987, 1023, 1049, 1010, 967, 954, 1020, 1033, 1044, 1003, 1041, 992, 1048, 952, 985, 1018, 1022, 1024, 1061, 1010, 998, 1032, 1007, 1004, 979, 1017, 1029, 1029, 1006, 997, 1037, 980, 998, 997, 999, 1017, 1001, 988, 998, 972; 1024, 1019, 1000, 959, 986, 1023, 988, 958, 994, 1020, 988, 1022, 989, 954, 1066, 958, 1067, 1010, 983, 1022, 1004, 974, 1005, 1064, 944, 1043, 983, 963, 941, 1023, 997, 1043, 1000, 1004, 998, 990, 925, 977, 969, 1004, 1011, 1025, 1028, 976, 1017, 1028, 988, 994, 1013, 1027, 981; 977, 969, 1071, 941, 1009, 1003, 997, 1033, 1038, 1005, 1017, 1001, 1010, 1009, 1045, 1009, 1001, 949, 965, 1018, 1043, 